1283, 1294, 1393, 1564, 1680, 1811, 1859, 1892, 1908, 1914, 1926, 1927, 2120, 2137, 2155
2169, 2179, 2185, 2228, 2439, 2622, 2632, 2635, 2684, 2685, 2688, 2689, 2690, 2692, 2712
2714, 2715, 2777, 2778, 2779, 2781, 2782, 2783, 2784, 2785, 2786, 2787, 2788, 2789, 2791
2792, 2794, 2795, 2796, 2797, 2800, 2802, 2804, 2807, 2808, 2810, 2811, 2812, 2813, 2815
2817, 2819, 2830, 2831, 2832, 2833, 2834, 2836, 2837, 2839, 2840, 2842, 2849, 2851, 2852
2853, 2854, 2855, 2856, 2857, 2858, 2859, 2860, 2861, 2864, 2866, 2867, 2868, 2869, 2870
2871, 2872, 2873, 2876, 2900, 2970, 3024, 3026, 3050, 3065, 3076, 3084, 3099, 3119, 3170
3175, 3238, 3268, 3291, 3297, 3327, 3362, 3363, 3395, 3400, 3440, 3453, 3454, 3460, 3461
3491, 3496, 3497, 3499, 3508, 3517, 3518, 3527, 3529, 3547, 3553, 3554, 3556, 3561, 3566
3567, 3568, 3569, 3570, 3653, 3677, 3680, 3682, 3715, 3716, 3724, 3727, 3737, 3791, 3819
3824, 3840, 3852, 3862, 3952, 3961, 3976, 3979, 4022, 4046, 4047, 4072, 4073, 4079, 4106
4109, 4110, 4111, 4112, 4141, 4152, 4155, 4156, 4157, 4176, 4193, 4240, 4241, 4265, 4270
4283, 4284, 4334, 4351, 4353, 4384, 4425, 4487, 4488, 4491, 4493, 4494, 4498, 4523, 4524
4570, 4586, 4590, 4640, 4641, 4706, 4711, 4717, 4718, 4740, 4749, 4797, 4798, 4850, 4854
4900, 4901, 4903, 4905, 4908, 4915, 4918, 4919, 4940, 4954, 4957, 4962, 4965, 5000, 5002
5005, 5012, 5014, 5020, 5025, 5036, 5042, 5044, 5063, 5070, 5119, 5124, 5128, 5139, 5147
5214, 5219, 5220, 5250, 5251, 5270, 5325, 5330, 5387, 5388, 5431, 5500, 5504, 5509, 5530
5531, 5532, 5533, 5534, 5535, 5830, 5838, 5933, 5934, 6037, 6040, 6041, 6042, 6043, 6044
6045, 6046, 6047, 6048, 6102, 6103, 6104, 6105, 6106, 6139, 6141, 6142, 6143, 6145, 6149
6152, 6153, 6175, 6238, 6244, 6245, 6246, 6250, 6253, 6256, 6258, 6260, 6261, 6277, 6278
6282, 6300, 6302, 6305, 6321, 6322, 6326, 6331, 6333, 6341, 6344, 6357, 6358, 6361, 6363
6366, 6371, 6495, 6511, 6565, 6566, 6567, 6594, 6595, 6856, 7014, 7021, 7024, 7026, 7031
7032, 7036, 7305, 7307, 7313, 7328, 7329, 7331, 7867, 8038, 8044, 8047, 8050, 8122, 8237
8447, 8448, 8453, 8611, 8618, 8631, 8645, 8648, 8713, 8714, 8715, 8722, 8723, 8727, 8729
9018, 9034, 9040, 9049, 9054, 9057, 9058, 9149, 9170, 9187, 9188, 9189, 9190, 9191, 9192
9193, 9210, 9216, 9222, 9242, 9246, 9247, 9257, 9259, 9264, 9265, 9275, 9280, 9281, 9284
9288, 9298, 9333, 9347, 9348, 9349, 9350, 9355, 9356, 9357, 9374, 9377, 9387, 9394, 9395
9397, 9398, 9406, 9408, 9420, 9422, 9423, 9430, 9445, 9451, 9453, 9456, 9457, 9468, 9474
9487, 9488, 9490, 9491, 9492, 9508, 9523, 9532, 9536, 9547, 9548, 9571, 9579, 9580, 9581
9582, 9588, 9592, 10000, 10005, 10043, 10050, 10051, 10054, 10055, 10066, 10093, 10106, 10117, 10126
10144, 10145, 10146, 10151, 10152, 10161, 10190, 10198, 10199, 10212, 10216, 10217, 10219, 10224, 10226
10231, 10246, 10275, 10276, 10281, 10282, 10286, 10314, 10320, 10350, 10351, 10352, 10353, 10354, 10355
10361, 10362, 10376, 10379, 10380, 10381, 10382, 10383, 10384, 10414, 10449, 10453, 10459, 10467, 10502
10504, 10505, 10506, 10516, 10530, 10531, 10532, 10533, 10540, 10541, 10542, 10543, 10544, 10545, 10546
10599, 10611, 10617, 10618, 10642, 10644, 10666, 10670, 10672, 10676, 10678, 10681, 10682, 10683, 10685
10686, 10687, 10688, 10698, 10699, 10700, 10712, 10713, 10717, 10721, 10722, 10723, 10726, 10730, 10731
10732, 10781, 10783, 10794, 10801, 10802, 10805, 10806, 10812, 10813, 10814, 10820, 10826, 10845, 10846
10884, 10922, 10933, 11007, 11021, 11049, 11051, 11054, 11061, 11067, 11101, 11104, 11111, 11115, 11123
11134, 11136, 11167, 11168, 11171, 11172, 11175, 11178, 11187, 11307, 11319, 11326, 11327, 11400, 11408
11415, 11426, 11427, 11430, 11433, 11438, 11440, 11443, 11447, 11453, 11454, 11468, 11470, 11711, 11714
11715, 11719, 11730, 11732, 11740, 11744, 11745, 11752, 11753, 11770, 11777, 11785, 11801, 11810, 11845
11869, 11871, 11872, 11873, 11874, 11875, 11899, 11918, 11931, 12012, 12016, 12017, 12020, 12022, 12027
12037, 12094, 12098, 12099, 12107, 12126, 12130, 12139, 12140, 12141, 12151, 12157, 12171, 12238, 12288
12347, 12348, 12349, 12362, 12364, 12420, 12421, 12431, 12457, 12460, 12471, 12472, 12476, 12480, 12481
12490, 12493, 12495, 12509, 12510, 12518, 12519, 12523, 12524, 12526, 12527, 12530, 12531, 12533, 12540
12543, 12544, 12553, 12562, 12584, 12585, 12586, 13006, 13019, 13021, 13204, 13212, 13213, 13216, 13388
13390, 13395, 13404, 13406, 13407, 13408, 13413, 13417, 13418, 13422, 13428, 13429, 13430, 13431, 13435
13436, 13437, 13441, 13444, 13445, 13446, 13450, 13451, 13459, 13460, 13465, 13467, 13473, 13493, 13494
13495, 13496, 13499, 13502, 13503, 13517, 13525, 13527, 13531, 13532, 13533, 13534, 13548, 13556, 13559
13561, 13568, 13571, 13573, 13574, 13577, 13592, 13593, 13594, 13596, 13597, 13598, 13600, 13606, 13607
13609, 13610, 13611, 13615, 13616, 13631, 13633, 13634, 13635, 13636, 13643, 13644, 13646, 13648, 13651
13652, 13653, 13654, 13655, 13656, 13657, 13658, 13678, 13681, 13682, 13693, 13697, 13700, 13705, 13706
13707, 13708, 13709, 13710, 13711, 13713, 13714, 13715, 13716, 13717, 13718, 13719, 13738, 13749, 13778
13779, 13780, 13787, 13788, 13789, 13790, 13794, 13796, 13797, 13803, 13804, 13805, 13810, 13811, 13814
13815, 13816, 13817, 13823, 13826, 13845, 13846, 13847, 13848, 13849, 13858, 13860, 13861, 13864, 13865
13867, 13868, 13869, 13875, 13877, 13880, 13881, 13882, 13883, 13884, 13885, 13889, 13895, 14006, 14010
14013, 14015, 14030, 14038, 14079, 14080, 14085, 14087, 14102, 14113, 14130, 14131, 14132, 14133, 14135
14136, 14140, 14141, 14142, 14151, 14153, 14157, 14158, 14159, 14161, 14173, 14197, 14198, 14200, 14203
14208, 14210, 14212, 14213, 14214, 14216, 14221, 14235, 14241, 14242, 14324, 14423, 14430, 14500, 14555
14576, 14577, 14581, 14587, 14637, 14639, 14641, 14711, 14926, 15031, 15047, 15048, 15055, 15068, 15071
15076, 15077, 15086, 15087, 15092, 15093, 15094, 15132, 15137, 15203, 15206, 15216, 15220, 15224, 15225
15260, 15334, 15428, 15430, 15436, 15444, 15448, 15449, 15451, 15520, 15526, 15527, 15529, 15530, 15534
15538, 15545, 15560, 15565, 15567, 15568, 15569, 15571, 15592, 15597, 15599, 15604, 15608, 15609, 15611
15628, 15633, 15636, 15637, 15640, 15647, 15648, 15659, 15660, 15661, 15662, 15664, 15668, 15670, 15679
15697, 15700, 15705, 15707, 15708, 15726, 15732, 15742, 15746, 15747, 15755, 15757, 15777, 15778, 15779
15780, 15781, 15782, 15783, 15784, 15785, 15786, 15788, 15789, 15790, 15793, 15794, 15802, 15803, 15804
15805, 15810, 15844, 15846, 15859, 15862, 15870, 15884, 15895, 15909, 15912, 15922, 15923, 15936, 15939
15941, 15942, 15944, 15953, 15966, 15967, 15968, 15969, 15970, 15971, 15972, 15973, 15974, 15976, 15977
15978, 15979, 15980, 15981, 15982, 15983, 15984, 15985, 15986, 15987, 15988, 15990, 16004, 16005, 16008
16012, 16019, 16022, 16039, 16040, 16041, 16042, 16043, 16044, 16046, 16074, 16103, 16106, 16124, 16228
16313, 16314, 16315, 16317, 16412, 16415, 16416, 16417, 16503, 16507, 16510, 16519, 16561, 16616, 16618
16625, 16671, 16703, 16712, 16714, 16717, 16737, 16748, 16749, 16750, 16752, 16754, 16757, 16761, 16805
16806, 16808, 16812, 16819, 16827, 16829, 16830, 16831, 16832, 16834, 16835, 16846, 16851, 16858, 16859
16860, 16861, 16862, 16874, 16876, 16883, 17010, 17038, 17039, 17052, 17081, 17092, 17108, 17110, 17112
17128, 17131, 17132, 17147, 17150, 17151, 17153, 17154, 17163, 17166, 17169, 17172, 17173, 17174, 17228
17259, 17263, 17265, 17283, 17327, 17330, 17346, 17347, 17348, 17360, 17361, 17362, 17366, 17373, 17382
17386, 17396, 17409, 17410, 17419, 17438, 17441, 17502, 18002, 18008, 18011, 18018, 18030, 18031, 18037
18054, 18055, 18071, 18086, 18102, 18107, 18108, 18112, 18114, 18116, 18209, 18210, 18211, 18212, 18214
18252, 18310, 18311, 18313, 18400, 18402, 18407, 18408, 18436, 18509, 18542, 18552, 18553, 18554, 18562
18563, 18564, 18565, 18579, 18601, 18602, 18609, 18611, 18613, 18615, 18622, 18713, 18714, 18729, 18808
18818, 19431, 19701, 19713, 19715, 19726, 19734, 19740, 19748, 19749, 19750, 19802, 19808, 19812, 19817
19820, 19825, 19832, 19837, 19857, 19859, 19860, 19897, 20001, 20029, 20031, 20032, 20033, 20037, 20040
20041, 20042, 20057, 20107, 20108, 20164, 20196, 20200, 20210, 20221, 20260, 20287, 20376, 20379, 20408
20476, 20499, 20504, 20512, 20531, 20536, 20558, 20559, 20571, 20584, 20593, 20613, 20627, 20629, 20640
20657, 20658, 20682, 20709, 20716, 20722, 20727, 20738, 20830, 20846, 20849, 20852, 20859, 20876, 20877
20908, 20940, 20941, 20942, 20961, 20968, 20991, 20996, 21061, 21073, 21101, 21119, 21151, 21160, 21168
21172, 21193, 21198, 21199, 21219, 21227, 21234, 21235, 21243, 21256, 21257, 21272, 21307, 21311, 21312
21317, 21318, 21319, 21327, 21329, 21330, 21331, 21332, 21333, 21334, 21336, 21358, 21362, 21363, 21366
21369, 21377, 21378, 22001, 22002, 22007, 22008, 22009, 22010, 22034, 22078, 22081, 22083, 22084, 22101
22113, 22123, 22124, 22125, 22126, 22133, 22139, 22154, 22155, 22163, 22164, 22165, 22169, 22170, 22178
22180, 22181, 22182, 22186, 22190, 22191, 22192, 22194, 22201, 22213, 22233, 22240, 22245, 22249, 22278
22279, 22280, 22281, 22284, 22292, 22294, 22301, 22302, 22311, 22312, 22313, 22316, 22319, 22343, 22350
22380, 22385, 22388, 22396, 22397, 22399, 22408, 22411, 22412, 22427, 22430, 22434, 22442, 22443, 22453
22455, 22476, 22510, 22511, 22514, 22515, 22516, 22527, 22528, 22529, 22530, 22531, 22532, 22533, 22534
22535, 22536, 22540, 22541, 22549, 22551, 22553, 22556, 22558, 22561, 22568, 22580, 22598, 22605, 22610
22612, 22613, 22614, 22621, 22622, 22623, 22624, 22625, 22629, 22630, 22631, 22632, 22648, 22649, 22651
22688, 22693, 22694, 22695, 22696, 22697, 22703, 22704, 22711, 22712, 22718, 22719, 22720, 22721, 22723
22724, 22726, 22754, 22767, 22770, 22774, 22775, 22776, 22780, 22798, 22799, 22801, 22804, 22823, 22827
22833, 22835, 22836, 22840, 22843, 22844, 22848, 22849, 22858, 22860, 22879, 22887, 22888, 22899, 22905
22910, 22911, 22926, 22928, 22931, 22932, 22966, 22967, 22970, 22974, 22977, 22980, 22981, 22985, 22986
22991, 22996, 23003, 23010, 23013, 23017, 23019, 23020, 23021, 23022, 23023, 23024, 23025, 23026, 23037
23044, 23046, 23047, 23048, 23049, 23050, 23051, 23052, 23053, 23059, 23064, 23066, 23067, 23072, 23082
23083, 23084, 23107, 23116, 23117, 23118, 23119, 23122, 23123, 23127, 23132, 23133, 23137, 23138, 23139
23155, 23171, 23172, 23173, 23174, 23175, 23176, 23182, 23183, 23184, 23187, 23188, 23189, 23195, 23199
23204, 23206, 23207, 23208, 23209, 23211, 23217, 23225, 23231, 23233, 23264, 23270, 23271, 23277, 23279
23286, 23287, 23289, 23291, 23293, 23296, 23304, 23305, 23308, 23311, 23328, 23337, 23353, 23356, 23359
23365, 23367, 23372, 23373, 23374, 23380, 23404, 23405, 23406, 23407, 23410, 23411, 23412, 23414, 23415
23440, 23448, 23449, 23455, 23456, 23469, 23470, 23476, 23477, 23478, 23495, 23513, 23514, 23515, 23516
23523, 23524, 23525, 23528, 23531, 23540, 23541, 23542, 23543, 23544, 23549, 23560, 23561, 23568, 23575
23579, 23593, 23595, 23608, 23621, 23622, 23628, 23629, 23630, 23632, 23635, 23643, 23646, 23662, 23668
23670, 23674, 23675, 23676, 23677, 23679, 23694, 23695, 23701, 23702, 23708, 23754, 23759, 23762, 23763
23764, 23768, 23769, 23770, 23773, 23798, 23799, 23800, 23801, 23812, 23813, 23814, 23815, 23816, 23829
23837, 23842, 23843, 23850, 23851, 23853, 23862, 23863, 23889, 23890, 23892, 23893, 23894, 23908, 23912
23925, 23926, 24013, 24016, 24020, 24023, 24024, 24025, 24032, 24033, 24034, 24102, 24120, 24135, 24145
24147, 24181, 24200, 24203, 24206, 24208, 24230, 24234, 24242, 24247, 24249, 24256, 24260, 24274, 24278
24291, 24324, 24340, 24341, 24344, 24350, 24357, 24383, 24386, 24387, 24412, 24417, 24447, 24477, 24486
24487, 24511, 24700, 24701, 24704, 24706, 24707, 24708, 25182, 25183, 25184, 25191, 25192, 25193, 25208
25243, 25252, 25258, 25276, 25353, 25376, 25460, 25461, 25629, 25926, 25972, 25973, 25994, 26000, 26001
26002, 26011, 26019, 26028, 26029, 26030, 26033, 26039, 26101, 26103, 26107, 26110, 26114, 26116, 26138
26174, 26990, 26997, 27017, 27034, 27054, 27061, 27076, 27078, 27088, 27099, 27100, 27103, 27136, 27137
27150, 27154, 27175, 27178, 27187, 27203, 27204, 27213, 27216, 27230, 27232, 27234, 27291, 27295, 27314
27321, 27326, 27327, 27329, 27338, 27342, 27348, 27350, 27355, 27356, 27366, 27367, 27368, 27369, 27406
27414, 27424, 27426, 27445, 27446, 27449, 27456, 27462, 27487, 27488, 27491, 27502, 27508, 27510, 27526
27545, 27559, 27571, 27597, 27598, 27602, 27608, 27610, 27656, 27666, 27667, 27733, 27735, 27754, 27755
27759, 27761, 27762, 27801, 27805, 27827, 27832, 27842, 27843, 27845, 27875, 27876, 27893, 27894, 27903
27905, 27913, 27944, 27951, 27971, 27972, 27973, 27980, 28016, 28032, 28034, 28035, 28057, 28059, 28060
28063, 28069, 28077, 28088, 28102, 28113, 28115, 28116, 28119, 28154, 28163, 28164, 28176, 28180, 28181
28185, 28187, 28190, 28191, 28193, 28198, 28223, 28246, 28263, 28264, 28265, 28266, 28269, 28270, 28288
28296, 28299, 28311, 28333, 28334, 28335, 28356, 28373, 28385, 28397, 28400, 28401, 28407, 28408, 28432
28433, 28435, 28439, 28475, 28491, 28494, 28496, 28499, 28506, 28507, 28508, 28509, 28510, 28515, 28520
28525, 28526, 28527, 28566, 28567, 28571, 28574, 28575, 28576, 28604, 28610, 28613, 28630, 28631, 28655
28662, 28664, 28670, 28688, 28689, 28690, 28712, 28715, 28724, 28731, 28733, 28757, 28775, 28822, 28836
28848, 28898, 28908, 28921, 28922, 28926, 28938, 28939, 28945, 28947, 28949, 28951, 28955, 28959, 28969
28999, 29004, 29006, 29007, 29016, 29017, 29019, 29031, 29032, 29033, 29034, 29035, 29036, 29039, 29040
29041, 29042, 29043, 29044, 29045, 29046, 29047, 29048, 29064, 29072, 29073, 29074, 29075, 29076, 29077
29078, 29079, 29080, 29100, 29106, 29130, 29134, 29165, 29174, 29180, 29225, 29247, 29266, 29314, 29322
29340, 29360, 29361, 29365, 29373, 29378, 29381, 29410, 29604, 29605, 29608, 29609, 29612, 29624, 29625
30045, 31004, 31005, 31006, 31007, 31008, 31009, 31010, 31011, 31309, 31312, 32002, 32030, 32045, 32227
32316, 32329, 32358, 32360, 32361, 32362, 32367, 32369, 32524, 32525, 32526, <<< END 2081